377 -6 114 40 225 166 212
315 1 56 18 119 65 184
65 177 61 38 172 31 223
464 -11 94 24 203 134 90
174 39 11 42 251 177 189
66 83 3 30 17 197 249
343 34 50 40 184 88 175
261 25 45 20 25 40 53
-16 -5 37 27 149 13 225
396 125 31 34 152 244 226
106 161 13 48 105 184 21
472 7 28 20 136 182 162
75 182 123 35 60 209 6
-21 6 55 21 187 134 61
161 186 67 45 82 218 208
388 88 113 31 69 160 225
-36 -14 98 18 158 188 138
353 81 114 38 132 72 149
162 17 63 37 21 153 143
211 33 104 15 4 195 66
209 -31 71 5 111 136 138
328 128 105 10 154 144 98
274 42 64 38 179 202 232
112 158 124 20 67 178 137
179 195 2 1 150 217 146
314 -37 68 32 238 176 172
471 -28 109 45 16 88 8
271 104 21 32 67 84 177
60 121 104 50 149 100 233
252 -48 106 44 53 48 87
454 -48 110 39 57 183 81
-37 118 46 4 250 111 171
410 139 109 3 211 206 100
102 27 44 7 64 84 122
36 115 120 18 86 1 68
283 37 34 25 198 24 71
48 105 66 3 59 83 151
-14 148 123 41 250 72 38
23 37 24 26 144 107 199
167 140 28 29 120 184 117
170 -35 24 40 53 218 244
139 111 104 29 191 219 71
159 61 67 20 226 222 6
416 74 53 1 51 100 246
342 -7 34 12 253 100 1
385 174 16 42 197 185 208
2 198 19 30 57 68 70
-47 160 9 11 118 77 207
173 157 25 12 158 13 46
-27 -29 51 3 221 221 224
424 -16 106 37 243 127 98
-2 171 51 29 133 82 54
402 109 105 14 219 160 203
-35 168 76 24 164 70 157
152 96 66 37 10 198 46
