84
83 561
-15 13 -901
43 -56 30 214
-56 -4 23 -12 113
57 -50 61 29 -8 -475
31 -91 -57 -59 -47 -43 -7
-14 53 27 77 -53 84 -94 180
46 25 20 -89 70 -23 -38 80 -92
98 -5 -4 44 -78 -11 7 -72 -15 326
99 -57 76 87 2 -19 -40 -26 96 -78 395
-86 94 67 -6 -20 -30 -95 49 39 -76 90 -373
75 11 62 -22 -47 76 -99 -18 -49 -17 -77 91 304
-21 28 66 14 -89 -75 -88 34 -21 -94 27 91 50 512
-5 96 1 -83 -78 -3 -40 -65 69 -97 2 -71 -14 69 -257
72 -27 95 -1 26 37 -39 41 66 -71 82 -4 -53 97 -98 578
80 -61 -29 25 -22 37 49 -10 -9 99 -92 80 -34 -26 -7 -77 305
86 -49 33 14 -48 -44 72 56 -3 -73 -9 80 -48 -44 89 -58 84 24
-25 -81 -48 35 42 -92 34 46 -32 31 -36 -8 20 10 -80 87 79 -84 -451
74 10 -29 73 -84 -84 -93 85 -69 -59 -66 86 33 -60 -34 -73 79 -25 -38 -443
88 88 80 22 -11 -50 -62 84 3 78 35 -58 95 -10 -78 25 -78 -22 -72 64 -389
-84 -3 5 31 -26 35 84 -74 86 -78 -16 -74 76 -36 90 -30 -50 59 -88 -27 24 -240
82 22 31 52 27 7 14 11 -92 76 -98 15 46 31 24 59 -83 72 87 5 -50 16 321
61 -61 41 -84 47 -21 -2 13 -77 -24 -49 46 81 15 57 -97 51 94 24 88 -96 38 -38 -120
-83 -61 89 -38 61 68 56 26 90 94 80 11 -17 -5 -85 14 -11 41 9 -60 -14 -18 12 90 -91
-9 -4 46 -71 96 46 46 -31 -78 87 92 -62 83 -10 61 -90 44 40 -87 62 94 74 -66 15 33 411
15 -58 48 3 -9 -62 39 -30 -91 -57 -3 46 -9 85 4 47 -4 -92 -15 35 35 -17 95 -42 49 64 56
1 3 -59 56 -36 79 -95 78 -39 33 59 -67 -70 51 77 22 21 -49 -54 -79 13 -32 25 -94 91 -81 23 516
-81 -4 -52 30 62 -27 77 73 87 -91 -86 49 -90 84 4 86 17 -31 27 -60 -76 -65 -80 37 85 19 29 -3 126
-78 -78 -97 -64 46 -38 33 -67 -7 1 53 11 -61 68 -53 11 44 -6 -47 20 51 16 47 -48 69 -52 -42 6 83 -473
