52 13 -10 74 90 34 54 -97 -69 53 43 -5 80 -45 65 -8 -45 -97 23 -22 
-28 54 -68 -46 -4 -53 -18 28 99 -41 -32 -29 -66 8 -66 16 -42 60 86 62 
-29 -27 -57 18 -15 66 28 -58 41 27 -78 -93 -14 86 69 13 -36 9 50 22 
56 77 58 5 -38 84 -17 -33 -89 -66 -27 4 -48 71 5 40 64 59 -44 -52 
-56 -61 30 99 16 -87 -21 -86 87 27 -5 17 77 -81 73 59 87 24 40 55 
-97 87 -84 14 -18 11 -72 -17 -76 -49 -57 -41 -21 -58 86 56 -19 -36 82 85 
97 60 -95 75 89 69 -99 17 -19 -32 47 -79 21 -47 46 -91 -90 92 -98 -29 
81 -54 -71 3 -100 79 48 -46 -5 65 -54 -33 66 -70 -96 -50 -100 8 88 -83 
8 69 -37 -75 10 78 -18 9 -16 84 -68 70 71 92 -34 83 -48 -12 -99 -96 
-52 -81 -31 3 43 79 57 -78 98 61 -26 -83 59 70 50 -25 20 -39 42 -17 
