-54
11 25
89 -80 -750
53 55 94 663
-30 68 92 24 471
-54 41 -66 51 -25 15
81 22 -86 -95 81 55 -76
-39 -54 -14 -76 -30 -11 -76 542
-32 46 -72 -88 -48 -11 76 -5 283
-35 -93 -52 -48 67 -40 -14 67 21 -20
26 99 -32 -72 59 95 66 39 36 57 205
-49 -46 -2 -58 44 72 -80 -92 60 -47 67 15
-80 66 -43 58 48 -69 -90 -35 79 13 93 48 -21
2 93 21 22 45 74 -25 89 42 5 -18 74 -19 68
4 0 -59 8 54 -84 -97 19 -13 -2 8 -14 37 20 -261
66 95 39 57 -60 1 -74 -88 -57 64 54 -8 66 -64 91 106
29 27 63 -30 -60 -81 -14 -28 -30 -76 -56 -25 -98 57 51 78 -434
79 27 -48 7 13 40 -81 46 99 57 57 43 43 -96 13 79 34 160
44 -75 35 -46 -99 -26 89 3 -13 97 -83 83 -20 -10 77 -29 -68 20 231
88 -52 53 -73 43 -86 80 96 13 9 25 -88 -5 -84 60 96 -4 -30 67 -114
