-65 59 -24 -1 -3 -87 51 -55 88 -24 -24 -69 62 -25 -39 -39 -56 85 -21 -94 35 -99 -36 34 -38 79 78 -36 -40 38 82 -33 -37 20 -45 66 -82 67 85 89 
11 20 -18 -18 74 -63 45 -41 87 -78 9 19 49 9 -48 -68 -19 91 18 -23 38 -91 89 13 72 20 67 -25 63 -78 -33 -26 -86 -68 -94 93 16 -5 48 -33 
89 -80 -45 -42 -99 65 7 -92 -25 -31 -84 -32 32 -66 -36 47 -50 69 -19 65 -26 -94 26 20 -84 36 60 -59 -4 -9 -95 72 -90 -80 -92 95 -87 18 -46 25 
53 55 94 -54 89 99 23 65 6 47 -40 75 7 8 43 68 -7 -12 63 2 59 -43 -4 -45 -67 69 84 87 -62 59 -91 -54 -14 -46 76 -55 87 92 -22 71 
-30 68 92 24 94 -34 -29 84 95 74 79 -26 -30 -14 -44 -49 47 37 90 69 -4 -13 44 -99 96 -65 12 -57 45 -16 -59 -16 55 26 94 -68 32 14 27 -20 
-54 41 -66 51 -25 -69 40 -16 58 21 -29 -47 9 81 70 21 -12 20 -38 23 24 -96 -23 -27 40 95 44 16 -32 30 14 -91 43 8 -40 -45 -11 -62 48 -52 
81 22 -86 -95 81 55 -24 91 -9 76 41 -83 -59 -47 77 -85 -40 -99 99 22 -48 26 15 15 -35 -66 -52 28 -47 68 -20 45 -31 -56 82 -15 -31 -43 93 36 
-39 -54 -14 -76 -30 -11 -76 88 92 79 70 11 0 -66 86 99 -48 67 39 -26 -60 -60 94 59 7 -40 78 -12 14 -16 36 30 -38 -19 -58 76 -75 63 -92 64 
-32 46 -72 -88 -48 -11 76 -5 -6 -69 -13 -55 -54 31 93 -43 -13 17 86 -54 26 30 71 66 11 6 36 53 73 58 -15 -60 -80 -7 -36 -24 92 77 18 -32 
-35 -93 -52 -48 67 -40 -14 67 21 74 46 -90 -77 62 -32 -89 88 30 -59 57 -5 51 86 58 -75 80 20 53 -87 46 -90 51 42 -97 -2 10 -9 -91 -72 1 
26 99 -32 -72 59 95 66 39 36 57 -58 -40 0 -53 73 75 69 -46 3 67 5 55 78 66 82 -86 -22 -68 2 28 -13 -34 99 82 -2 -51 -81 -21 -16 12 
-49 -46 -2 -58 44 72 -80 -92 60 -47 67 -93 -47 60 -98 -23 76 54 10 -43 82 -21 21 86 56 53 6 85 100 -74 -44 -88 -56 88 -50 -94 -70 66 -47 20 
-80 66 -43 58 48 -69 -90 -35 79 13 93 48 37 -69 -72 10 -38 -14 -16 51 19 -99 -30 43 -31 -57 39 96 -64 56 75 -13 42 65 -82 96 -59 37 29 -72 
2 93 21 22 45 74 -25 89 42 5 -18 74 -19 -70 79 -90 37 3 -42 22 15 -75 59 0 -14 -70 -8 94 -32 -2 -32 -34 86 65 0 70 6 20 -86 67 
4 0 -59 8 54 -84 -97 19 -13 -2 8 -14 37 20 -88 81 -68 25 90 -67 -86 -85 74 27 55 -13 -35 39 48 -50 -62 -42 41 -15 -79 -14 -3 99 -81 -52 
66 95 39 57 -60 1 -74 -88 -57 64 54 -8 66 -64 91 41 -1 85 68 -99 24 58 43 2 29 -40 13 -7 -60 -96 -98 64 53 61 -57 19 -3 71 -93 29 
29 27 63 -30 -60 -81 -14 -28 -30 -76 -56 -25 -98 57 51 78 -73 -26 -95 -78 45 51 100 -69 -90 -9 -35 -93 -55 -5 100 58 -68 53 -76 -1 -15 -70 -62 79 
79 27 -48 7 13 40 -81 46 99 57 57 43 43 -96 13 79 34 80 -70 -44 -65 -63 -50 -70 23 -51 92 81 77 -34 73 43 94 61 -1 16 -43 49 -31 -7 
44 -75 35 -46 -99 -26 89 3 -13 97 -83 83 -20 -10 77 -29 -68 20 -93 99 -14 97 88 81 -42 11 23 -84 89 -86 -82 76 41 -93 12 -22 81 22 66 -39 
88 -52 53 -73 43 -86 80 96 13 9 25 -88 -5 -84 60 96 -4 -30 67 30 -70 13 -32 32 -63 -93 15 40 36 52 60 -58 -42 -26 30 -43 -4 -87 46 50 
