76 -18 8 -35 -29 -26 24 27 96 12 27 77 68 16 -29 -10 51 -60 -86 -16 70 -62 65 -90 71 39 63 5 -99 -87 70 -63 84 -94 65 23 38 40 -28 90 -67 13 -97 26 8 -46 67 30 31 -55 5 -43 -46 -30 -10 -53 -46 11 -68 81 
83 -18 80 -100 -20 52 81 58 -44 69 36 -88 -27 69 89 -73 -3 12 44 10 61 -83 -89 -10 -75 84 98 15 -85 46 76 -99 -17 33 -1 -42 61 -98 86 86 -38 98 -67 21 32 82 -30 61 45 36 -68 60 4 28 42 6 -9 -71 95 -40 
-15 13 -85 51 20 -88 3 -53 -33 30 28 -49 -68 -53 -15 99 20 88 -81 61 -79 30 -82 5 -45 43 -89 -21 2 24 -60 -93 36 -85 -69 -45 -18 -84 -10 -63 94 47 -88 -70 -91 36 64 -97 -87 20 -26 25 -90 75 -11 97 -29 73 39 -54 
43 -56 30 -33 27 11 -13 21 84 31 58 33 -94 11 90 -84 -82 -56 -52 84 -91 -79 83 11 17 61 80 81 -42 88 -64 -33 23 -8 89 -47 -17 70 84 24 79 -40 -8 12 78 -58 -31 96 -98 61 -90 -48 -55 -60 28 -26 -67 70 85 -80 
-56 -4 23 -12 -12 35 94 79 53 -100 -97 56 20 43 54 -48 -74 88 5 64 92 33 18 -45 -38 -59 51 76 35 -93 56 37 -86 -39 44 -71 -15 -84 71 11 26 -65 16 3 -19 85 90 -63 -38 -96 -87 73 -62 -93 0 -1 46 1 53 -10 
57 -50 61 29 -8 0 16 -33 -58 5 -96 -59 -53 -85 51 -12 -2 -14 -52 25 43 -67 -82 5 -88 49 69 10 26 -67 -100 -30 -2 -8 82 41 -13 5 -45 8 44 20 -18 23 -17 -91 95 -72 100 -74 22 -34 -35 -63 78 -2 99 2 -74 53 
31 -91 -57 -59 -47 -43 -80 -25 -74 35 -85 11 37 -90 -9 6 -38 -94 14 43 -71 -22 -52 63 -51 2 -6 34 70 32 79 21 -55 39 45 -7 27 -5 99 -66 21 99 58 -65 -66 -87 33 91 -43 -7 37 94 -13 -77 58 31 -15 -21 -32 70 
-14 53 27 77 -53 84 -94 -16 -100 -20 -41 9 83 98 6 51 81 -91 -45 45 -37 -99 -5 44 72 -14 69 33 -16 82 58 1 62 -76 -13 -53 3 68 22 -60 -9 59 11 18 46 75 -75 -89 36 22 -89 -35 59 -77 83 -63 -89 -12 81 27 
46 25 20 -89 70 -23 -38 80 -92 24 75 77 -94 24 -99 12 -92 96 -10 36 -33 -73 -82 85 37 93 81 -92 70 83 62 -71 -14 2 33 -64 -58 -35 3 8 -77 -15 86 -66 54 81 -34 19 52 -93 72 -39 -50 -44 92 -94 -17 -98 33 54 
98 -5 -4 44 -78 -11 7 -72 -15 33 -39 25 37 45 -76 53 22 21 87 -16 -92 -32 45 30 -8 60 85 97 -67 -70 29 17 55 70 60 88 35 -92 61 -97 14 18 66 -27 -73 -70 1 -78 56 -64 61 -92 -74 93 -77 -7 88 87 23 -85 
99 -57 76 87 2 -19 -40 -26 96 -78 20 55 -86 -22 69 -59 -32 98 -91 54 -7 53 96 -42 -3 89 -91 -24 -9 63 -50 -18 25 -41 -98 -14 17 75 23 43 35 -24 -59 -55 -76 74 -5 -4 95 85 67 35 -75 96 -76 21 28 91 -5 54 
-86 94 67 -6 -20 -30 -95 49 39 -76 90 -56 95 -26 -98 0 91 -59 63 1 -63 10 -31 89 5 -64 55 76 -58 1 4 -36 -84 25 -94 -71 -52 -59 -1 86 7 -75 -57 -14 -10 -34 16 -48 -100 -10 -41 -43 -1 -85 43 69 97 82 3 79 
75 11 62 -22 -47 76 -99 -18 -49 -17 -77 91 42 -32 45 -48 6 -98 25 42 17 42 -37 -38 -35 97 -30 -55 46 46 -11 -6 -99 -22 89 99 15 -54 94 30 9 86 38 49 -65 94 53 -21 -60 -53 19 52 -93 86 -5 27 -28 42 -65 -31 
-21 28 66 14 -89 -75 -88 34 -21 -94 27 91 50 -52 5 0 35 70 53 3 40 98 37 40 -10 67 16 -23 43 79 17 91 31 58 -38 0 28 40 -49 68 41 -8 100 4 41 -100 -32 27 -80 -4 -79 -38 -57 15 -72 -86 52 70 71 -100 
-5 96 1 -83 -78 -3 -40 -65 69 -97 2 -71 -14 69 -5 37 15 86 -87 45 35 -84 -52 -1 48 -61 99 -44 43 77 -69 -61 -39 29 -91 7 -54 39 -22 -72 -59 96 -98 58 5 13 17 -35 78 -63 -74 94 43 26 -36 -47 -45 -68 -9 29 
72 -27 95 -1 26 37 -39 41 66 -71 82 -4 -53 97 -98 64 -39 -10 -5 99 -15 -27 42 71 31 6 10 -22 -39 41 -53 -63 -23 75 10 -54 66 -17 61 28 88 -80 97 -92 17 92 35 -64 57 85 43 -52 -27 76 31 -77 18 87 46 -39 
80 -61 -29 25 -22 37 49 -10 -9 99 -92 80 -34 -26 -7 -77 66 -24 3 63 -55 37 -7 74 17 25 70 93 -22 49 -52 -53 -68 75 -28 -88 -8 -76 -50 68 66 4 65 60 -81 43 18 72 55 -45 -92 -35 -15 -54 74 67 25 -26 -20 15 
86 -49 33 14 -48 -44 72 56 -3 -73 -9 80 -48 -44 89 -58 84 -68 68 54 -35 37 -41 72 59 -97 -98 -12 52 -48 -100 53 7 -86 33 89 89 -68 -44 -97 16 91 -98 60 -3 45 89 57 -20 -8 12 -13 40 46 -98 -52 67 -25 -63 62 
-25 -81 -48 35 42 -92 34 46 -32 31 -36 -8 20 10 -80 87 79 -84 -91 -75 -22 -1 -79 -25 -49 -83 94 -30 -45 -56 -12 98 40 -29 -16 29 51 41 38 -24 -83 -97 -27 30 -74 85 77 -67 -68 -92 14 -55 -54 24 47 6 -58 94 82 11 
74 10 -29 73 -84 -84 -93 85 -69 -59 -66 86 33 -60 -34 -73 79 -25 -38 52 -49 -51 -2 -90 -81 -86 -72 77 49 -11 -65 81 13 68 53 56 -51 -51 -43 93 -87 49 31 -92 -81 -70 -59 -88 -45 -53 -5 54 89 41 -43 -100 34 -13 81 24 
88 88 80 22 -11 -50 -62 84 3 78 35 -58 95 -10 -78 25 -78 -22 -72 64 99 8 -61 -2 -97 -56 -12 -23 -90 38 50 64 22 -7 -10 -12 74 -87 29 4 23 22 73 -85 -5 44 -95 -62 36 -69 25 -82 46 22 -90 74 -99 -40 13 -71 
-84 -3 5 31 -26 35 84 -74 86 -78 -16 -74 76 -36 90 -30 -50 59 -88 -27 24 63 17 -55 -87 -72 -51 34 87 85 -43 -41 93 -86 -66 -58 -81 -38 53 75 -2 -35 -23 17 -89 41 46 -34 7 98 18 -55 -45 44 -2 38 14 -2 -69 -36 
82 22 31 52 27 7 14 11 -92 76 -98 15 46 31 24 59 -83 72 87 5 -50 16 -90 62 45 89 42 -30 -13 33 -52 73 -80 55 88 29 -94 -29 -43 84 84 -29 91 98 55 0 -25 -59 48 -81 -4 -55 42 85 39 -41 49 5 -85 -65 
61 -61 41 -84 47 -21 -2 13 -77 -24 -49 46 81 15 57 -97 51 94 24 88 -96 38 -38 -47 -88 -96 -11 9 -89 82 -89 58 -47 -4 74 31 96 64 -55 65 -63 -16 -5 14 -29 -62 -78 -33 -31 60 6 79 -1 90 -82 -61 31 -78 96 90 
-83 -61 89 -38 61 68 56 26 90 94 80 11 -17 -5 -85 14 -11 41 9 -60 -14 -18 12 90 87 -72 35 20 -47 -66 64 -49 43 -32 -52 -44 -40 32 12 19 -5 70 80 -72 -53 16 -99 26 7 31 65 91 60 -33 -4 -74 -97 1 69 -80 
-9 -4 46 -71 96 46 46 -31 -78 87 92 -62 83 -10 61 -90 44 40 -87 62 94 74 -66 15 33 94 -6 93 -72 -94 -21 -90 -47 10 1 29 72 34 -85 16 94 98 -51 -98 41 59 96 33 -43 84 84 74 -9 -2 -93 19 -31 -16 53 85 
15 -58 48 3 -9 -62 39 -30 -91 -57 -3 46 -9 85 4 47 -4 -92 -15 35 35 -17 95 -42 49 64 -60 -84 47 -43 -30 -76 81 56 43 29 77 94 -13 40 -41 -45 99 43 -91 8 -37 -55 -35 -38 99 -48 17 -3 55 48 -71 -76 56 10 
1 3 -59 56 -36 79 -95 78 -39 33 59 -67 -70 51 77 22 21 -49 -54 -79 13 -32 25 -94 91 -81 23 52 81 62 72 -85 19 21 94 57 -74 93 -63 -76 -56 94 -46 -91 -21 24 -65 86 96 62 -75 93 -35 -34 70 -43 85 38 -10 91 
-81 -4 -52 30 62 -27 77 73 87 -91 -86 49 -90 84 4 86 17 -31 27 -60 -76 -65 -80 37 85 19 29 -3 80 -62 -21 -27 -66 -66 -3 -70 5 65 43 10 -12 31 -72 97 63 -68 80 21 -77 -62 -45 73 -69 22 47 45 69 6 56 33 
-78 -78 -97 -64 46 -38 33 -67 -7 1 53 11 -61 68 -53 11 44 -6 -47 20 51 16 47 -48 69 -52 -42 6 83 15 -14 -95 62 -91 70 16 8 -89 -58 43 -58 99 19 -10 -81 -45 -10 -62 13 -59 -12 -78 -60 -65 23 86 -2 58 -34 -62 
